draw= function() {
    background(191, 191, 191);
    if(mouseX < 200){
        fill(255, 250, 250);
        noStroke();
        ellipse(205,184,202,206);
        
        fill(255,103,31);
        arc(205,167,198,172,180,360);
        
        fill(0,255,0);
        noStroke();
        arc(205,209,198,164,360,540);
        
        fill(255, 255, 255);
    stroke(6,3,141);
    strokeWeight(2);
    ellipse(205,189,42,40);
    
    fill(0,0,255);
    line(205,168,205,209);
    line(183,191,226,191);
    line(221,177,190,205);
    line(191,174,215,202);
    }
};

draw= function() {
    background(191, 191, 191);
    if(mouseX<200){
    fill(255, 166, 0);
    noStroke();
    arc(208,144,185,100,180,360);
    arc(129,121,27,77,149,360);
    fill(255, 173, 248);
    arc(129,121,18,46,149,360);
    fill(255, 166, 0);
    arc(290,121,27,77,180,397);
    fill(255,173,248);
     arc(289,121,18,46,180,397);
     fill(0, 0, 0);
     ellipse(177,110,54,10);
     ellipse(237,110,52,10);
     ellipse(177,125,46,10);
     ellipse(237,125,46,10);
      ellipse(182,139,34,10);
       ellipse(230,139,35,10);
       fill(255,255,255);
       rect(106,152,196,46,20);
       fill(189, 130, 21);
       ellipse(168,171,29,29);
       ellipse(239,171,29,29);
       fill(0,0,0);
       ellipse(168,172,20,20);
       ellipse(239,172,20,20);
     
     fill(255,255,255);
     arc(206,209,156,134,360,540);
     arc(255,242,48,54,280,432);
     arc(236,251,48,54,280,432);
     arc(221,254,48,54,280,432);
     arc(155,242,48,54,105,270);
     arc(175,253,48,54,105,270);
     arc(194,256,48,54,105,270);
     
     fill(255,166,0);
     arc(147,178,91,89,29,267);
     rect(139,144,124,10,10);
     arc(260,171,95,99,275,503);
     rect(187,152,37,55,10);
     ellipse(188,214,50,50);
     ellipse(229,214,50,50);
     arc(274,216,48,54,280,432);
     arc(295,204,48,54,280,432);
     arc(143,223,53,54,105,270);
     arc(119,212,48,54,105,270);
     
     
     fill(0,0,0);
     ellipse(207,221,7,27);
     
     
     stroke(0, 0, 0);
     strokeWeight(5);
     line(256,204,222,222);
     line(269,219,220,221);
     line(257,237,222,221);
     line(153,207,195,222);
     line(152,220,198,222);
     line(156,238,194,222);
     
     noStroke();
     fill(115, 70, 70);
     arc(205,202,39,28,360,540);
      fill(94, 50, 50);
      arc(197,235,31,18,339,531);
     arc(221,235,31,18,359,561);
     
    
    }
}; 
draw= function() {
    background(191, 191, 191);
    if(mouseX<200){
        noStroke();
        fill(255,255,255);
        rect(0,0,400,50);
        fill(255, 0, 255);
        rect(0,0,120,50);
        fill(130, 130, 255);
        rect(120,0,149,50);
        fill(255, 255, 0);
        rect(255,0,149,50);
        fill(0, 0, 0);
        textSize(20);
        text("CALENDAR",4,16,113,140);
        textSize(15);
        text("FEBRUARY 2023",127,20,154,77);
        textSize(15);
        text("MAGHA",288,9,113,140);
        text("FALGUNA",283,30,113,140);
        fill(255,255,255);
        rect(0,50,400,351);
        
        stroke(0, 0, 255);
        strokeWeight(1);
        line(53,48,56,399);
        line(120,48,120,399);
        line(185,48,185,399);
        line(253,48,253,399);
        line(318,48,318,399);
        line(400,100,0,100);
        line(400,154,0,154);
        line(400,205,0,205);
        line(400,255,0,255); 
        line(400,309,0,309);
         line(400,355,0,355);
         
         fill(255, 0, 0);
         textSize(20);
         text("SUN",4,66,113,140);
         fill(0,0,0);
        text("MON",3,121,113,140);
        text("TUE",4,174,113,140);
        text("WED",4,228,113,140);
        text("THU",4,275,113,140);
        text("FRI",4,327,113,140);
        text("SAT",4,373,113,140);
        fill(255, 0, 0);
        textSize(30);
        text("5",146,66,113,140);
        text("12",202,66,113,140);
        text("19",268,66,113,140);
        text("26",342,66,113,140);
        fill(0,0,0);
        text("6",145,116,113,140);
        text("7",145,170,113,140);
        text("8",145,220,113,140);
        text("9",145,273,113,140);
        text("10",138,321,113,140);
        text("11",138,371,113,140);
        fill(255, 0, 0);
        text("18",203,371,113,140);
        fill(0,0,0);
        text("16",203,273,113,140);
        text("17",203,321,113,140);
        text("15",203,220,113,140);
        text("14",203,170,113,140);
        text("13",203,116,113,140);
        text("25",272,371,113,140);
        text("24",272,321,113,140);
        text("23",272,273,113,140);
        text("22",272,220,113,140);
        text("21",272,170,113,140);
        text("20",272,116,113,140);
        text("27",342,116,113,140);
        text("28",342,170,113,140);
        text("1",78,220,113,140);
        text("2",78,273,113,140);
        text("3",78,321,113,140);
        text("4",78,371,113,140);
    }
};
draw= function() {
    background(62, 174, 230);
  if(mouseX < 200){
      noStroke();
      fill(0,255,0);
      rect(0,300,400,100);
      fill(28, 112, 55);
 arc(290,125,121,38,3,243);
 arc(152,125,121,38,3,243);
 arc(94,142,121,38,3,364);
 arc(295,142,121,30,-19,364);
      fill(82, 68, 43);
  rect(149,100,100,265,30);
  fill(153, 106, 75);
  ellipse(128,221,6,200);
  ellipse(70,221,6,200);
   ellipse(84,221,6,200);
    ellipse(101,221,6,200);
     ellipse(57,221,6,200);
      ellipse(116,221,6,200);
       ellipse(258,213,6,200);
        ellipse(271,203,6,200);
         ellipse(282,221,6,200);
          ellipse(294,221,6,200);
           ellipse(316,221,6,200);
     
  fill(53, 161, 53);
  arc(267,119,181,158,172,400);
  arc(182,107,179,148,180,360);
  arc(109,130,155,111,156,345);
  arc(212,130,155,111,156,345);
  
  }
};

draw= function() {
    background(191,191,191);
    if (mouseX<200){
        fill(255, 165, 0);
        rect(0,0,400,140);
        fill(255, 255,255);
        rect(0,140,400,120);
        fill(0,255,0);
        rect(0,260,400,140);
        fill(0,0,255);
        rect(95,80,200,250);
        fill(255, 182, 193);
        rect(120,100,150,200);
        var f = createFont("cursive");
          textFont(f);
          fill(0,0,0);
          textSize(25);
        text("OATH", 155,150);
        text("OF", 175,205);
        textSize(23);
        text("ALLEGIANCE", 120,250);
    }
};

draw= function() {
    if (mouseX<200){
        background(191, 191, 191);
        noFill();
        noStroke();
        fill(255,153,51);
        rect(0,0,397,139);
         fill(255,255,255);
         rect(0,140,397,127);
         fill(0,255,0);
          rect(0,269,400,140); 
          
          
          stroke(0, 0, 255);
          strokeWeight(5);
          fill(255, 255, 255);
          ellipse(206,205,100,100);
          
          fill(0,0,255);
          ellipse(205,203,3,100);
          ellipse(205,204,94,3); 
          line(240,175,169,235);
          line(172,166,239,245);
          
          fill(0, 0, 0);
          textSize(30);
          text("VANDE MATARAM" , 77 , 81,276,147);
          text("JANA GANA MANA" , 74,315,276,147);
    }
    };

    draw= function() {
    if (mouseX<200){
        background(191, 191, 191);
        noFill();
        noStroke();
        fill(255,153,51);
        rect(0,0,397,139);
         fill(255,255,255);
         rect(0,140,397,127);
         fill(0,255,0);
          rect(0,269,400,140); 
          
          
          
          
          fill(0, 0, 0);
          textSize(140);
          text("₹" , 164 , 146,209,147);
}
};